25574
4891
457
3176
26598
4371
458
25070
1353
24058
27039
23234
26528
372
26845
4
23611
5501
24735
24753
106
25106
107
25475
5451
25330
466
2362
27547
2207
27099
449
1425
2701
23148
662
26952
25277
530
27375
1292
1393
27185
3302
25389
26009
27085
27561
739
25061
26490
23577
26540
25915
27072
25078
27489
26529
1412
25882
24006
113
26448
5571
26848
26849
26767
26123
1664
26396
23430
3621
24189
25574
4891
457
3176
26598
4371
458
25070
1353
24058
27039
23234
26528
372
26845
4
23611
5501
24735
24753
106
25106
107
25475
5451
25330
466
2362
27547
2207
27099
449
1425
2701
23148
662
26952
25277
530
27375
1292
1393
27185
3302
25389
26009
27085
27561
739
25061
26490
23577
26540
25915
27072
25078
27489
26529
1412
25882
24006
113
26448
5571
26848
26849
26767
26123
1664
26396
23430
3621
24189
26135
26143
596
25125
25695
901
26582
1411
3149
26651
26983
876
24865
25361
1410
26574
5731
608
3499
27550
5171
27515
27565
5471
27145
2349
2340
858
27551
5131
25168
25167
26951
27462
3411
5851
27607
24318
27049
27552
3842
26152
1409
25937
25756
2187
26315
26851
4621
23556
20287
21295
24744
25102
26518
27593
25340
23832
26063
26581
114
24277
25672
115
116
26346
25678
5341
25793
23197
3941
23222
23456
1299
3033
1809
26260
27347
27348
5931
4651
22520
24391
2235
26560
1933
25769
1429
117
23685
3148
26202
611
24315
23770
26519
910
4911
917
26433
26843
27398
5701
26374
1481
27349
24564
23529
26839
25377
26115
612
23662
26533
26507
26222
26170
26841
22465
23910
2350
725
22508
24554
24995
25272
26840
3316
24866
26523
1732
302
303
531
647
72
705
23157
27630
24258
24195
25255
5761
23235
642
5441
552
439
25628
26823
3530
23588
24100
27257
26116
717
23186
27533
905
2686
25580
23432
26197
1265
25315
4751
613
26842
27399
71
533
416
27468
3834
300
27231
818
2877
229
24935
24028
1583
2033
23864
22470
1163
23843
3425
25358
25991
24974
24604
24574
25367
26920
27061
26428
26437
3590
1733
26149
23643
26257
27379
1969
24983
26489
26488
301
4581
614
3046
25363
27350
550
23429
3591
1543
26010
645
27400
2955
1618
26214
407
1565
25185
26195
27330
23245
24891
26179
1350
23228
27437
24056
2500
121
24706
23344
24068
26505
23639
122
26950
26282
27351
25598
25788
1681
4961
1856
25783
26611
26335
26105
3258
22471
1474
26004
25973
27441
1668
24776
24775
26683
26119
1794
5391
27221
715
1408
24769
771
24107
25534
2019
1682
620
2164
152
24944
27475
24196
588
2064
534
27317
26178
27655
118
119
25068
5311
123
872
23226
25072
1375
2286
1465
26742
3095
26291
23707
1493
25826
25967
27424
25426
25425
26339
25866
25352
125
24984
126
23620
26928
27395
26150
3506
26732
127
25326
25629
425
3398
27352
1675
2735
2920
27353
26196
27091
618
5611
23236
25095
25486
1431
26280
27354
26174
2101
25049
25800
3589
26819
26318
26497
535
26594
23777
192
658
26607
27266
26935
2014
27064
26117
23240
1490
27460
773
2165
26558
26353
408
3388
25256
1382
24875
4831
27674
4881
26325
130
3455
25640
23560
25948
25654
25662
24297
24693
3086
128
129
3049
25550
25976
25949
26914
27186
25782
589
1871
25346
25347
24965
2456
3891
1589
2660
23445
622
1844
25927
1867
1308
24353
26072
27326
3531
27459
24012
27144
26908
23826
25594
25648
1938
139
1865
26580
5631
27209
140
25376
27425
2586
26922
23441
24296
24076
24726
1300
25487
27356
27355
2445
141
3503
26085
2451
26110
25601
27141
22491
26690
27619
2348
5051
1623
27149
25950
23180
26671
27005
137
1907
26837
26836
27022
1873
26551
27340
27458
26778
26555
27239
25834
373
24924
23353
26722
22469
630
27359
886
25620
26682
27380
26344
3535
24572
26298
24714
406
3862
1748
1959
3505
25768
25609
437
23743
741
1263
24730
26992
2166
24535
887
26524
26272
25923
2748
2367
20298
25842
1683
26136
25379
25814
25818
3536
24844
26549
3045
26207
624
25108
3931
24982
144
26985
24716
2923
2775
1372
26554
23547
23460
24222
25921
1301
2106
145
27610
146
147
24088
2921
25649
27284
25867
25878
26737
5281
24917
27553
26377
2167
2321
26190
148
25979
26176
553
25854
22505
27665
26705
26276
26285
1564
26901
26030
27011
24499
2688
3625
3255
25914
1691
1653
149
2070
26531
25705
25820
26966
1690
3061
150
726
22495
2203
1823
24506
25841
25053
151
527
880
5101
5011
26118
27188
23661
27108
625
4841
27574
26773
840
2176
25314
27232
1169
4871
3607
22304
5481
5251
25477
5351
23815
25760
23501
641
4781
3688
27297
25757
25465
2081
23446
24522
27111
26506
25755
4721
1787
27107
2811
27538
3592
626
23473
27009
26602
2393
2397
23237
25517
25624
23741
24344
24063
27631
26934
673
26601
25348
3749
5181
27316
25980
27563
26955
26724
1866
27230
27457
3683
3669
25869
23329
27282
3634
24582
24581
23739
26137
1862
850
1358
26504
154
26761
25258
27473
153
23734
26356
27320
25912
24143
3548
22492
26723
27531
24847
2030
3633
1870
26957
25570
26192
24959
27621
23793
23794
25055
1686
22608
26513
26093
24991
24992
30
23841
24858
25490
2552
24631
3257
26541
2812
27490
24525
24524
3348
24073
718
26794
4941
39
26464
3209
2322
26404
2077
25764
1290
1167
627
711
5221
58
670
1505
1270
20285
1379
23477
24087
24289
27384
24191
22604
59
2269
772
24998
3630
25723
27562
25900
23578
667
24188
27554
23176
23322
23659
1072
24695
1688
900
25780
1666
24546
26498
2329
2294
61
3921
2479
62
3202
3438
63
25342
26600
24823
24860
25375
1430
2460
1424
25676
22497
25556
26711
25199
628
2835
65
64
3584
25990
25697
26986
873
25398
26003
26691
3619
3359
24915
25829
23740
22522
25827
27237
22607
66
22536
24031
3343
5371
1679
23557
25211
25333
25920
67
1508
23438
2550
25844
23631
26632
26566
25373
1966
25589
23255
26764
1608
3404
3403
3631
24503
24483
2998
3812
1595
24727
25232
25029
25032
1687
24573
3650
24220
26104
26302
1910
822
24122
556
3475
1513
5061
2407
1284
25604
27296
156
24881
23466
26032
27382
2071
25770
26172
26559
1954
25835
25836
25933
23170
23381
26077
26361
1302
25952
25953
27130
2934
25954
498
25977
1692
26500
25955
24064
27497
19665
572
1578
26903
25551
23436
3797
2797
657
1859
2410
3319
27333
438
24256
27396
26221
157
4681
158
159
26253
26027
883
26078
27358
26999
1303
25919
27088
1727
26124
3663
24734
1864
2854
769
26461
1673
5361
27103
24843
3708
25673
26514
24831
544
890
27129
25815
24018
24571
5791
23403
698
27081
155
3726
162
25981
25050
688
1144
26532
954
24931
24669
24885
25625
648
25862
604
25101
25364
23976
23219
2809
23807
23810
23470
27429
23394
2905
13088
1902
1693
24249
2690
1366
25264
160
26669
24925
161
24833
25054
2522
24349
26924
1594
25134
1861
25781
2100
1537
25646
26338
163
25989
27062
25579
26198
3276
25279
26621
2455
26622
22477
26568
5741
27383
2194
27105
3681
629
25693
816
4731
3110
25123
25932
1855
25471
25595
24975
841
25758
4771
27609
27173
857
25366
1380
23615
23758
25466
2674
26567
2196
170
3002
27666
166
168
167
1874
169
1880
23286
3418
23241
2945
24044
2270
4661
26162
2447
25776
26454
1731
25331
26273
26182
27030
25436
171
27060
26712
2757
2246
26042
891
1893
1886
4921
18987
27048
27292
25956
27677
2591
23311
23391
2214
938
2026
25351
24832
26703
25454
27638
23439
22472
2727
27357
27238
26283
26660
2199
23341
26936
172
26710
1977
27660
5591
25220
27205
27262
23238
1642
2907
4211
401
864
26939
1888
26307
3639
25674
165
26779
26311
24340
1616
3700
27174
1833
25983
24990
24728
25021
27695
5661
25794
25855
1576
23842
26098
27392
1603
738
24970
27227
709
3626
1892
24270
27514
25073
25329
25773
25982
24903
2173
1695
23229
3745
173
3710
2386
175
24238
570
23668
24625
736
3405
26963
24118
1694
26387
164
909
27114
25518
26573
2986
3102
22476
178
26492
26527
26526
27305
25484
26635
24589
24200
2339
24089
26079
24251
27102
3685
22673
1831
1795
27566
1734
27613
26496
26083
3195
25334
1437
26673
25573
25350
25332
1352
24999
23253
23383
23649
25427
26017
25499
27082
27455
3053
643
26208
509
25972
27588
3537
24067
26341
24287
24269
666
25368
3217
25901
27057
2994
25328
595
23738
23142
27454
1487
3546
24325
24108
1818
3208
6111
23862
24961
27115
26956
25393
25381
26011
25433
1949
2088
26699
26345
24841
24840
26796
26797
2356
180
2685
25126
27544
26018
181
25215
25013
26405
26169
26246
24724
25916
24906
27268
27409
23313
25378
3162
23828
27453
2091
25536
27280
23400
23399
23633
775
26091
2914
26373
27540
27393
2695
2867
25491
3096
25142
23250
25666
2673
182
5411
26760
24192
25074
3547
521
26097
25057
23243
1900
5951
5821
26090
26122
25639
27427
24545
25775
184
3642
720
183
4951
24240
27567
2788
25459
27019
26606
1484
25663
24563
24562
2584
24199
27639
4971
23232
1662
25645
26092
3765
26982
23543
1877
27537
3543
24048
2092
2368
177
24601
2366
27336
186
23265
1329
25957
27158
25545
27165
23671
25728
27054
23535
1882
3624
655
26432
27620
25453
24896
27007
2975
27177
911
25592
3347
24905
27199
1447
3151
3245
5321
24514
2454
23789
25931
691
26679
25483
25715
25671
26909
24968
3303
27325
27170
23437
26739
1887
4631
403
1597
25724
2290
677
26409
26701
27028
3476
25581
23393
26861
25131
26801
23242
26631
3744
25657
26156
1315
23975
26932
2532
27323
1883
26128
1663
24794
1511
2665
2637
3034
2351
26019
26964
27498
3742
26747
4991
27101
26103
1485
3087
1530
1878
2511
27541
27040
2808
3416
728
27150
23941
1328
24105
26993
1824
5551
4101
1554
24911
23303
26838
1354
25958
27452
26687
25837
27148
24747
5511
25655
1651
1876
73
1534
1491
740
27542
1524
1312
23660
23379
24271
1746
3866
632
25603
3725
1885
26852
1950
174
863
1702
2696
27010
3182
25362
25359
25996
1566
26627
2468
24933
558
3608
23389
26458
23956
25763
23796
27016
1654
27362
27104
5141
26508
2627
3352
27461
23632
1552
2096
76
937
2260
25596
23958
23955
26086
25370
185
1698
1792
23745
542
2449
77
25066
25709
3817
24091
26102
26206
24668
737
4201
25213
25147
27361
24025
24077
706
26327
2073
26736
23700
3308
649
2459
598
26758
1684
194
25822
26120
25337
23230
188
189
23750
23746
25519
2682
708
23751
25712
1798
26453
26721
23457
23819
3211
27656
24777
1280
25700
26157
897
25699
25031
2633
23817
25063
26700
26408
22467
2521
26168
27100
24254
23822
3194
3212
2680
25028
25165
190
191
25030
22507
714
585
23434
26717
25064
25995
3728
3214
2655
660
440
26106
25152
26184
25685
23442
25153
26166
26662
23821
26167
3559
26562
1488
23422
3471
24278
26349
193
26715
743
23551
1381
25602
27034
27451
24140
27318
23252
924
27084
25731
26535
25965
1699
27014
27432
4591
1700
2044
1555
1701
1443
1483
25438
23549
26984
23147
26089
23800
1351
2313
197
198
24736
199
26165
26436
27535
26696
200
25058
26684
26080
664
3367
460
2193
1264
25922
27146
1428
1704
25795
1903
23928
23929
25960
3085
3822
27151
24960
25765
24772
201
1360
202
203
26550
2205
27394
205
204
26787
26788
3750
25285
24062
44
24897
26612
2514
2927
22496
23653
26583
27360
25281
26357
3600
25830
25753
1591
26060
26765
2818
26927
45
46
23647
26164
3406
26281
25821
26697
686
27096
3172
574
25420
26455
26603
26718
26979
24732
374
27431
4851
3748
3175
27635
27332
206
1705
23586
25966
27530
2996
26563
25191
716
209
2684
26460
2681
27035
27365
27036
210
26745
23150
27367
47
1920
3432
2079
25026
25027
2555
207
25384
3474
208
27450
25632
1676
48
27018
23396
25903
3769
195
1535
25870
27110
23580
27063
1602
27137
26443
196
3582
24954
25109
25231
25234
26785
26546
23410
55
26681
54
2023
26734
25444
26556
56
1472
26499
26330
700
26537
663
26107
57
1989
1400
25526
27334
2855
211
24106
24304
25435
24886
749
4741
1917
26652
25843
27368
25553
26403
27004
3635
25779
26012
27534
1667
1519
26648
25641
26015
26923
3396
24842
5211
26593
6145
212
2359
27126
508
24065
26391
213
26016
1143
27216
25450
26026
25060
24779
24749
2590
24236
2953
25938
26073
214
216
2618
217
23545
23544
3197
26630
23697
2494
215
3743
25229
3699
27299
218
25568
23258
3318
25686
1720
5031
27513
25680
1586
26449
26605
24345
25899
25993
565
499
23462
22606
26918
23833
24929
49
26675
27376
1657
26121
4801
5041
23812
26860
24862
631
25539
27632
23768
24534
25985
27087
26002
51
967
853
25984
23957
24046
23247
3861
25075
24926
26446
25564
25939
25599
26885
25286
23304
26775
27346
26677
26789
2626
25860
25847
24729
26680
3734
23553
219
23984
25752
23582
712
5581
27516
23324
5381
2069
27157
26158
25056
1689
25762
52
1162
53
25661
5721
583
26608
1812
3433
24836
26576
26738
5301
27420
23221
27539
5781
639
26329
24246
3166
25940
27430
2484
221
25538
25353
25717
26469
2239
2043
26406
682
23408
25597
23871
26081
23665
2352
27381
2657
27499
699
26522
26289
27463
23231
25520
2170
24773
26284
26628
222
27571
538
27337
1575
25341
25335
24529
25488
2504
23861
25562
848
23487
26782
2197
223
26735
25883
26177
25737
25941
1897
25559
496
844
27625
25552
5241
3691
748
5771
25494
27116
24715
23444
25942
26988
27083
2806
507
2802
24066
26725
27097
26604
25051
1680
26638
23347
26977
27517
2753
26161
25473
25252
25472
26482
25586
26686
24313
26947
25183
23766
26224
3656
25288
24517
24086
224
1558
26591
26590
2495
5751
27466
25997
26589
2201
24078
26530
25857
26159
27125
2338
594
25163
26148
23906
4041
1593
3780
24041
24040
27633
27335
24908
2691
2709
754
27374
26146
27153
603
220
24536
20288
476
2400
25911
2251
2220
24495
27527
3062
23930
3439
2677
22480
24214
4861
27017
23666
5071
3807
26495
27486
24945
2195
26494
3690
2840
24314
25861
24910
3412
25828
692
27147
25501
24013
1816
25848
2644
27524
24930
23829
26515
26989
1980
2107
25714
26194
1626
225
5541
1719
26411
25385
25226
2984
27363
5401
226
26688
26101
26641
3718
25372
26719
23459
3437
2396
227
3047
2438
24347
2028
25065
26147
23285
2856
27469
2662
4981
25124
27012
3442
25017
3554
25319
2171
25754
539
25988
2025
5681
26624
5531
25650
25808
719
228
26014
27201
24916
24880
25713
5231
637
24019
25809
24845
27573
3596
701
5191
24725
25474
1587
600
235
25081
84
27219
562
26130
5001
25652
24720
26008
1335
1832
2663
3796
25726
80
79
23116
1718
684
26704
25059
24838
25460
2839
676
2697
23983
23558
27345
25069
81
25578
2450
3478
82
27327
26743
27641
1717
25774
27161
26213
25198
22473
1921
3038
24830
24264
83
23215
3119
78
656
3434
26463
25327
120
402
26452
2365
482
25917
2250
27423
1426
23728
1821
26470
1716
23669
26659
2829
25819
25016
23959
1715
23909
2180
27366
24731
24580
2372
230
2901
1422
2687
1714
24218
23548
2714
2202
1659
1164
1298
3655
581
27421
25468
233
23576
27504
571
24029
24253
26134
23564
27589
26762
24733
24144
25508
1563
25668
23594
27117
26609
1317
3507
26434
27001
27002
236
724
237
638
26929
25260
1304
414
27338
1489
25605
23246
23802
25458
25257
22516
3508
26076
27570
424
232
2263
23248
24904
27670
27634
26313
24202
26303
26299
690
23224
231
2319
1596
5121
1696
24260
26180
582
2752
1283
2608
244
25606
25563
4711
26265
24533
22610
25338
26114
27204
23742
26502
27050
2371
245
27433
24718
25521
25110
26545
2221
24259
26921
25495
23915
25784
247
25698
27568
26266
25694
27417
27369
26584
1796
23972
2277
248
24561
249
250
685
251
2931
25154
25324
426
252
26340
26614
2112
234
23426
25576
26674
254
26459
256
27371
255
2163
24346
26351
1713
23753
14186
25651
703
27132
27591
26181
25445
593
2744
241
2370
755
2724
242
25924
5491
23799
2178
25392
24719
27525
23798
23424
23797
243
2179
25317
26810
25679
2453
25010
3317
26571
257
2519
23943
24741
258
26501
2564
24282
26491
23623
23624
25994
27652
23744
427
5621
27331
260
24081
26397
3037
24606
25727
27127
25204
25585
26561
23552
3336
27646
26044
871
259
27279
25150
26996
2705
27434
2546
24319
25569
24030
1600
27044
24567
1501
26776
26493
935
590
1911
26954
26402
24508
27178
3951
25492
26553
26552
661
24994
26138
27156
2766
3593
261
24712
26974
262
1590
2278
1592
25430
23795
4901
644
25871
3252
25325
27449
27021
27403
25357
5331
27258
26203
27089
25537
25992
23136
26925
25301
26884
23585
26953
24566
675
2219
5081
2249
27000
263
24768
25656
26394
551
26389
4821
26668
26811
23563
23681
26548
23167
26099
27308
3778
264
2316
26538
26211
1550
24213
24198
27649
3646
25480
26597
25481
25345
265
4521
23827
2287
3794
27569
25020
27123
5161
26866
26031
26910
26468
266
25664
27109
25943
25872
2276
1480
25621
428
584
429
23425
2749
23621
25633
25944
4671
27135
23392
1868
27106
27235
25294
25647
26759
24694
1786
25877
430
26689
25904
3857
25607
267
268
24785
25577
3020
27378
1834
23325
27448
25261
4301
25587
22509
27187
1287
25561
269
270
27556
271
4311
272
564
27435
24526
2102
27397
2084
26142
24848
25116
3056
2027
26175
27020
26275
540
1423
25631
27094
27095
1904
5651
26698
2105
2433
907
5201
763
27234
25642
26991
26100
27008
1627
23223
24057
273
25987
274
25479
25190
26193
26233
25476
25012
3741
26020
25369
22523
26962
26439
27618
25810
2739
1388
5421
1515
2198
275
2774
23555
4611
25845
363
276
1327
25343
27053
1621
2212
24927
26005
26645
26740
2177
25582
25524
1436
238
25259
27372
25100
239
1531
240
24015
24871
24713
1475
26720
24023
3588
2720
727
23474
26981
26006
26088
2347
27422
939
1427
2213
3022
24024
560
4791
27046
3216
2509
1413
281
2561
23731
26173
282
27245
27324
851
24020
27557
25600
25135
25130
25284
24043
25254
4191
24587
25643
23571
23562
3468
26534
27580
26994
1386
5601
25739
27373
25665
3684
3044
283
25856
26431
4701
26692
25489
549
591
27477
25725
26347
640
2094
284
25918
27244
25961
24971
1557
24758
3764
24738
26792
26587
1712
1268
2215
25143
1711
23220
434
26610
26610
454
26144
277
5091
2513
26094
26791
24559
14187
25962
24197
3111
26586
26585
26799
27651
1514
5431
23208
23889
774
587
1289
27154
1456
5671
3030
413
413
25356
2346
299
27307
25365
2780
25278
2754
25884
25963
1710
1446
5271
1905
24850
26191
5461
1402
27526
5811
25502
2919
27496
23579
26350
2790
3739
27080
24605
26665
25503
26536
23203
1728
102
24290
548
104
103
1709
1869
26457
25868
1913
105
1477
27510
26516
4761
25015
25287
287
25729
25614
23168
27377
26430
25902
5521
5801
25859
2661
24980
26944
25464
27067
288
621
4081
2750
26800
26258
26084
23310
702
27416
23752
27564
24928
2607
290
291
2795
24748
23297
23978
292
293
592
28
5021
3408
710
25322
25443
294
25442
1165
25303
24281
2510
2503
25583
24874
1467
25786
24705
24705
26129
26290
26658
25945
26139
1708
25946
2113
26410
26625
1615
1588
26706
26575
25318
3362
27623
26343
2624
27521
27447
26642
26131
26557
24119
24934
24295
26880
26215
23747
27128
2700
24671
2699
2211
26547
2281
26676
5111
24343
24593
541
2944
23994
2762
295
3620
3278
1309
27315
3100
26062
2487
24342
3305
26915
1418
25986
1432
25692
25850
22611
27068
25457
24504
26572
3707
26342
3196
26649
286
23640
25196
1703
483
1561
2482
2085
22605
27391
25137
27272
1819
26301
2209
25777
25129
296
2474
25355
27303
304
26061
297
27446
25380
27445
27389
23940
24505
23701
27390
305
4261
1545
24936
25382
25383
1560
27124
25831
4811
1836
2751
24123
767
285
23755
3063
27122
1685
3601
26140
25374
27160
2796
26427
26287
26297
25455
659
3454
25311
27166
1644
26783
3213
25816
93
25879
92
3820
25033
2689
24518
94
26236
1835
26995
2977
1707
23472
27676
26155
23985
2520
26781
27671
23448
23748
5711
4331
3075
26517
26141
3050
25704
597
27086
746
95
23778
3436
26945
1922
3199
23834
25849
25849
2698
27058
25947
27444
26171
27136
1334
27572
1906
26426
25638
22525
27032
25386
25711
25853
23554
27406
23435
2580
27443
26337
26946
25440
25107
27418
888
25846
27558
26392
1729
24515
24594
27388
25710
25208
27043
26595
3354
24958
26520
25280
25572
2659
3644
26626
25282
23634
96
26132
4931
605
26286
25718
1721
1166
2434
2090
24981
25571
25011
25019
25025
707
1636
98
26401
27236
24740
25451
3762
3835
24788
99
1421
25447
25448
26312
25616
25493
1419
26226
1929
24069
23664
85
86
87
26666
24272
2485
25683
3350
27140
856
23233
2486
687
25623
24962
25566
24568
24235
2993
497
25593
2271
26440
5921
24061
27223
24846
27648
88
24284
1837
25283
26881
4251
27370
89
27342
5691
1645
5641
25500
26310
25522
25863
23244
27038
25236
2309
412
23937
5291
90
24285
25452
526
25778
25627
1486
27442
27073
25360
27436
968
26390
27152
554
26629
27642
24717
2938
27536
23619
23504
27267
24901
1617
25964
100
27464
101
3611
91
27532
26271
1378
27168
26846
26599
27029
26623
25076
25660
26007
26654
4641
26082
23574
25018
25767
615
68
26295
23312
26793
26503
5261
23171
4181
23767
3048
23328
2354
3353
22704
26565
4691
69
27269
